NUM_GENERATIONS = 20
POPULATION_SIZE = 128
GENOME_LENGTH = 65
Best of Gen 0 :
-0.001641 0.042894 -0.025118 -0.024666 -0.094898 -0.070617 -0.002577 0.007624 -0.080148 0.080382 0.067573 -0.094302 -0.026598 0.006115 -0.013386 -0.096620 -0.028692 0.075516 0.051131 -0.054581 0.097701 0.009321 -0.010267 0.082996 0.050625 0.088880 0.029459 -0.073375 0.099895 0.017052 -0.070072 -0.001746 -0.040055 0.004810 0.073588 -0.034952 0.034193 -0.028988 0.072672 0.054044 -0.048607 0.040245 0.059743 0.024796 -0.053639 -0.053643 0.028176 0.017668 -0.078127 -0.020693 0.063087 -0.080426 0.088628 -0.047179 -0.097430 0.039254 -0.058299 0.032029 0.065879 -0.058404 -0.050919 0.095807 0.039850 0.009026 0.000617 
Best of Gen 1 :
0.013439 0.074074 -0.065190 0.084450 0.046746 0.088854 -0.064156 -0.013009 0.048597 0.060639 0.033352 0.094954 -0.011185 -0.048980 -0.083173 0.068122 -0.085892 -0.063599 0.056751 -0.033071 -0.061029 -0.003995 0.008629 0.071000 -0.038116 0.050225 -0.079919 -0.042309 -0.009925 0.029108 0.058307 -0.096486 0.003182 0.093117 0.087964 -0.050072 0.081971 -0.076193 0.036919 0.030568 0.084447 -0.029729 0.025522 -0.026738 0.021291 0.042348 -0.058616 0.035399 0.078749 0.098135 -0.097672 -0.082279 -0.005860 0.010957 0.088721 0.056023 -0.038818 -0.091198 -0.086286 0.051257 0.037910 0.072021 0.054770 -0.058908 0.065138 
Best of Gen 2 :
0.042734 -0.008980 0.047109 0.066541 -0.072061 -0.022323 0.050988 -0.001790 -0.096801 -0.075750 -0.080499 0.045547 -0.034366 0.054900 0.024297 -0.036231 0.057228 0.042018 0.057909 -0.031816 0.030739 0.013933 0.029366 0.039541 0.027647 -0.019377 -0.022549 -0.000332 -0.064607 0.018542 -0.035194 0.078127 -0.090438 -0.088085 0.044668 -0.062499 -0.010407 -0.004343 0.035710 -0.007208 0.019906 0.055211 -0.061661 0.085541 0.010111 0.062636 -0.050690 -0.032662 0.004654 -0.092781 0.035523 -0.064608 0.021152 -0.035111 0.074933 -0.051202 0.045512 -0.047616 0.048466 0.080905 0.070926 -0.086728 0.059032 0.080488 -0.074813 
Best of Gen 3 :
0.003700 -0.082011 0.014780 0.099357 0.053699 -0.092428 0.019263 0.008910 -0.054089 0.004804 -0.080979 -0.091453 0.054114 -0.013641 0.013200 0.061333 -0.078118 0.048592 -0.017516 -0.013229 0.023525 0.031283 -0.067718 0.075909 -0.020251 -0.086813 0.046835 -0.006979 0.072219 0.027323 0.018208 -0.024081 0.045312 -0.067012 -0.024724 -0.000989 -0.059441 0.094539 -0.092079 -0.013530 -0.000658 -0.073059 -0.004983 -0.046544 0.013301 -0.091783 -0.085211 0.035183 0.056809 -0.002727 -0.078046 -0.019665 -0.071444 -0.045764 -0.043756 0.008304 -0.032577 -0.096921 -0.098675 -0.060358 0.030402 0.019533 0.015560 -0.024286 0.052521 
Best of Gen 4 :
0.090836 0.074725 0.093080 0.085375 0.082645 -0.020450 -0.015283 -0.090413 0.074567 0.038173 0.022888 0.082783 0.052962 -0.041930 0.039592 -0.049765 -0.019976 -0.080073 -0.021209 0.034260 -0.023830 0.087095 -0.098317 -0.020751 0.088420 -0.058675 -0.090349 0.007953 0.056885 -0.014635 -0.039526 0.047721 -0.039910 -0.046446 0.033096 -0.057265 0.033104 -0.082188 -0.047678 0.007671 0.055985 0.075210 -0.009546 0.008947 -0.066720 -0.069954 0.059182 0.013304 -0.050027 -0.062027 -0.052436 0.026144 -0.074932 -0.050753 -0.094607 -0.086512 -0.009428 -0.084956 0.021442 -0.052543 0.000409 0.081916 0.095178 0.060499 -0.064530 
Best of Gen 5 :
0.028273 -0.096766 0.068574 0.046086 -0.044444 -0.023755 0.002071 -0.069234 0.066699 0.022762 -0.035954 0.096745 0.070200 0.077350 -0.053282 -0.091827 -0.075086 0.072862 -0.066759 -0.025839 0.078255 -0.053271 0.064732 0.093299 0.068171 -0.087811 -0.006292 0.050087 -0.092633 -0.045793 0.085557 0.035640 -0.042559 0.054131 -0.018275 0.012997 -0.069624 0.083796 0.043763 0.097074 0.094814 -0.092191 0.093819 0.065014 0.085159 -0.059463 0.073187 -0.089927 -0.086601 -0.093573 -0.015766 0.091654 -0.046844 -0.051034 0.084953 -0.078673 -0.038845 -0.021339 0.071414 -0.031478 0.032868 0.056970 -0.095838 0.090309 0.011101 
Best of Gen 6 :
-0.014113 0.003307 0.041477 -0.030317 -0.052930 0.038551 -0.035503 -0.045121 0.032370 -0.070489 -0.059962 0.072907 -0.097302 -0.049889 0.086306 -0.090875 0.034344 0.077960 -0.037718 0.083310 0.062913 -0.016391 -0.055534 -0.058426 -0.044978 0.012987 0.074442 -0.088007 0.017149 0.064751 0.023094 -0.096964 -0.031942 -0.035429 -0.027281 0.015128 -0.096878 0.037216 0.070006 0.035492 0.066728 -0.089956 0.008399 0.069426 -0.039845 -0.005295 0.078551 0.094500 -0.027335 -0.059167 0.077810 -0.064422 0.024441 -0.077724 -0.022848 0.079464 0.035263 -0.048406 0.091457 -0.047588 -0.083655 0.014551 -0.044553 -0.015597 0.079122 
Best of Gen 7 :
0.028166 0.099531 0.082244 -0.034617 0.069537 0.017735 -0.067890 0.079581 -0.073866 -0.098464 -0.060263 0.020839 0.080087 -0.065764 0.093504 -0.079080 -0.087954 -0.070918 0.045361 -0.065678 0.006234 0.024825 0.069584 0.057828 0.016282 -0.078004 0.074173 -0.069168 -0.022557 -0.041424 -0.090046 -0.094390 -0.041893 0.092198 -0.029008 -0.072356 0.009933 0.003103 -0.092775 0.036067 0.004639 -0.053038 -0.043094 -0.015274 -0.018802 -0.049590 0.005646 -0.006756 -0.020508 -0.048992 0.027566 0.085725 0.075833 -0.002850 0.043553 -0.007886 0.019146 0.017726 0.022946 0.096590 0.076302 0.032900 -0.097801 -0.065592 0.025098 
Best of Gen 8 :
-0.026809 -0.037948 -0.064969 0.076294 -0.030723 0.071098 -0.019067 0.016239 -0.071996 0.065659 0.097437 -0.021586 -0.028694 -0.009319 0.057906 0.022313 -0.081753 0.043631 -0.001854 0.015397 -0.012816 0.090260 -0.065457 -0.095090 0.013206 -0.068867 0.081211 -0.053894 -0.066668 -0.084380 0.071204 0.006523 -0.022328 -0.093764 -0.017183 0.046949 0.077334 0.063750 -0.036812 -0.094662 0.029409 -0.039375 -0.016247 -0.099285 0.051306 -0.058342 0.023028 0.069553 0.085289 -0.078826 -0.015050 -0.027527 -0.088567 0.019493 -0.022617 0.024639 0.050626 -0.041406 0.070746 0.083958 -0.025786 0.041950 -0.009519 0.051886 0.048186 
Best of Gen 9 :
0.073298 -0.001165 0.025520 0.037048 0.062023 0.085901 -0.033543 -0.077351 0.064933 -0.032828 0.073955 -0.043731 0.090200 0.043508 -0.058442 -0.088626 -0.071542 0.014031 -0.077193 0.047951 0.091414 0.047446 -0.001423 -0.049992 0.018192 -0.017466 0.024222 -0.039858 0.073015 -0.023892 -0.091672 0.046313 0.074943 0.033847 -0.016639 0.036967 -0.035295 0.049819 0.059615 -0.020685 -0.083009 0.033570 0.035584 -0.092809 -0.022922 0.077142 -0.081435 0.005536 -0.008827 -0.058628 -0.046513 -0.017414 0.088819 0.052064 0.032594 0.007011 -0.065402 -0.043184 0.067153 -0.092386 0.032924 0.075480 0.053927 0.007868 0.009327 
Best of Gen 10 :
-0.062712 -0.055166 0.074032 0.087107 -0.095550 -0.046653 -0.095902 0.038020 0.088931 -0.088710 -0.084902 0.066073 -0.070145 0.020634 -0.042754 -0.028773 0.074121 0.039832 -0.039954 0.026185 -0.027573 0.067057 0.060784 0.029243 0.034209 0.068397 -0.037833 0.009690 0.022324 0.070035 -0.080983 0.059612 -0.085131 0.093049 0.046719 -0.080681 -0.053603 0.050817 0.057338 -0.064672 0.062107 0.072437 -0.098599 0.091962 -0.006929 -0.041353 -0.036810 -0.032808 0.098479 0.023236 0.093378 -0.029094 -0.009707 0.054161 -0.099851 -0.075498 0.022558 -0.037684 0.034192 -0.055118 -0.067650 0.053209 -0.095506 -0.052781 0.046258 
Best of Gen 11 :
0.051213 -0.033462 0.092654 0.002031 -0.076124 -0.072018 -0.035862 0.096313 -0.070617 -0.043900 0.061727 -0.011970 0.019290 0.056576 -0.013490 -0.057474 0.049953 0.057415 0.092228 0.004115 0.057564 0.057321 -0.073327 -0.080120 -0.008487 -0.028445 -0.047770 -0.055279 -0.023951 -0.000551 0.090979 -0.072738 0.065987 0.083633 0.029293 0.089863 -0.088385 0.093431 0.086176 -0.059002 -0.050469 -0.024441 0.029029 0.068822 -0.067865 -0.084462 -0.088652 0.082089 0.072954 0.044166 -0.013797 0.030518 0.001487 0.012876 0.050397 0.093000 0.084431 -0.097373 0.076850 -0.039520 0.002076 -0.071300 -0.012257 -0.031937 -0.087667 
Best of Gen 12 :
0.035398 -0.042074 -0.076052 -0.089533 -0.055898 -0.035054 -0.040002 0.019661 0.093975 -0.071180 0.051797 -0.090487 -0.059832 0.033886 0.082467 0.084334 -0.079911 0.012984 -0.014179 0.032965 -0.036619 -0.021179 0.017396 -0.033991 0.016542 0.077877 0.068085 0.045242 -0.034381 -0.063852 0.057575 -0.017345 -0.005925 0.081522 -0.006878 0.038177 -0.053532 0.053120 -0.042162 -0.059557 0.081940 -0.090365 -0.050044 -0.077893 0.043521 -0.067577 -0.093559 0.040659 0.045407 -0.007737 -0.003425 -0.091211 0.071084 -0.086028 -0.025202 -0.012374 0.091848 -0.057117 -0.067132 -0.042533 0.064876 0.090443 0.040122 0.073106 0.071965 
Best of Gen 13 :
-0.066756 0.011283 -0.081566 0.086363 0.069121 -0.041123 0.068303 0.078756 0.008833 0.090410 0.022277 0.041257 0.096852 -0.014113 -0.013336 -0.010886 0.082462 -0.004547 -0.039801 0.096434 0.070251 0.047825 0.088282 -0.086867 0.080693 -0.054250 -0.007836 0.071136 0.085872 -0.034730 0.043102 -0.080885 0.076553 0.061535 -0.094521 0.045674 -0.079588 0.073782 0.024431 0.029246 0.064192 -0.053292 -0.029497 0.061044 0.032595 0.057167 -0.049842 0.015057 -0.047380 0.010357 0.011491 -0.077130 -0.041818 -0.000227 -0.063996 -0.061124 0.045523 0.028168 -0.089988 0.031395 0.093438 0.053114 0.050510 0.069992 0.014649 
Best of Gen 14 :
0.055989 0.015666 0.035062 0.029771 -0.059903 -0.035693 -0.006037 -0.013196 0.034810 -0.044993 -0.080601 -0.008023 0.005166 0.034456 0.044596 -0.084477 -0.054053 0.067466 -0.026295 0.045721 -0.096530 0.012581 -0.008756 0.031638 0.022593 -0.077362 0.025077 -0.024294 0.073149 -0.004932 0.090355 0.029138 -0.089266 0.025417 -0.041091 -0.049169 0.089724 0.052872 0.037635 0.024534 -0.092121 0.057034 -0.083489 0.013045 -0.008509 0.061107 0.028568 0.037438 0.028574 -0.097727 -0.016841 0.032044 0.014853 0.074403 -0.036318 -0.062554 0.097041 0.088758 0.013152 0.070190 -0.016173 0.003507 -0.000672 -0.005439 -0.071076 
Best of Gen 15 :
0.058236 0.045392 -0.081352 0.011108 -0.016973 0.043183 0.018987 -0.059939 0.059694 -0.067968 0.031552 0.020801 0.060600 -0.031009 -0.050625 0.062872 0.052150 0.081418 -0.022275 0.026553 -0.054900 0.015171 0.023594 -0.066141 -0.071677 -0.006216 0.017685 0.031830 0.093112 -0.087754 0.060754 0.051348 0.057638 0.079402 -0.037544 -0.059335 0.022585 0.081444 -0.019274 -0.017722 -0.086524 -0.087722 -0.096921 0.074076 -0.018731 -0.047546 0.036949 -0.066582 -0.066128 -0.085326 0.059971 -0.021027 0.029845 -0.016435 0.012832 0.058168 0.077349 -0.069483 -0.010002 0.070461 -0.057237 -0.049248 0.021809 -0.099599 -0.069846 
Best of Gen 16 :
0.084265 -0.058934 0.052739 0.065709 0.021791 -0.064982 0.079186 0.088664 -0.061903 0.053262 -0.084662 -0.009449 -0.009790 -0.051244 0.024424 0.004884 -0.091273 -0.096604 -0.065271 -0.007708 0.016228 0.092897 -0.030359 -0.035386 -0.017105 -0.059898 0.089508 0.033648 0.061911 0.089909 0.063802 0.046176 -0.069025 0.016541 0.011886 0.052766 0.051559 -0.008929 -0.013164 0.089656 -0.055667 0.002174 -0.019793 0.034543 0.050931 -0.095369 -0.060572 0.059658 -0.091973 -0.025843 -0.048050 0.024255 -0.032946 0.021591 -0.029000 0.049950 0.061693 -0.039491 -0.016403 0.023604 -0.049582 -0.052601 -0.030220 -0.018607 0.063941 
Best of Gen 17 :
0.081666 -0.065841 0.015499 -0.027263 0.020995 0.005155 0.017070 -0.076831 0.085363 -0.048387 0.074099 0.089993 -0.008959 0.033757 0.098021 0.065198 -0.027966 0.022276 -0.067748 0.007299 0.093276 0.082202 -0.031008 -0.046215 -0.034200 0.092597 0.004203 0.013199 -0.037623 0.085596 -0.022861 -0.055957 -0.080245 0.092639 0.016780 0.040750 -0.002206 -0.066150 0.063919 -0.011363 -0.014537 0.038018 -0.026850 0.076504 -0.028224 -0.028829 0.041702 -0.042517 0.093447 0.073954 0.064782 0.086723 0.056156 -0.066225 -0.059492 -0.078045 -0.073628 0.044711 0.035154 -0.011251 0.030307 -0.087706 0.032792 0.050062 -0.095067 
Best of Gen 18 :
-0.050428 -0.009188 0.002727 -0.016577 -0.045269 0.085884 0.068886 0.092749 -0.040966 0.045390 -0.035475 0.030205 -0.012908 0.022008 0.023652 -0.038954 -0.013210 0.010375 -0.082799 0.020565 0.050883 -0.060843 0.046937 -0.004405 0.074311 -0.064314 -0.074098 0.086605 0.068478 0.075964 0.091537 -0.081950 -0.033224 -0.005736 0.001473 0.021506 -0.019852 -0.029641 0.014255 0.039182 -0.084251 0.078780 -0.030613 0.002841 0.000788 0.093039 0.063886 0.087579 0.003414 0.081088 0.008144 -0.045702 -0.079755 -0.044919 0.049893 0.094556 -0.009233 0.075794 0.081161 -0.040755 0.051758 0.072698 -0.022705 -0.081466 0.049440 
Best of Gen 19 :
0.078768 0.040040 0.047110 -0.050874 -0.045704 -0.013708 -0.035125 -0.066924 0.055679 0.067716 0.033864 0.048719 0.031602 -0.053031 -0.047867 0.012690 -0.070413 0.006431 0.032935 -0.015331 -0.043677 0.027491 0.075435 -0.067882 0.008651 -0.065320 0.083876 -0.018651 0.011975 -0.097590 0.048312 -0.009258 0.042450 -0.004578 0.039869 0.096746 0.081714 -0.095256 -0.070178 0.037394 0.072460 0.063687 -0.013888 0.004062 -0.014870 0.038245 -0.083248 0.014718 -0.055325 0.049687 0.099386 0.000999 -0.022822 0.074821 0.033116 0.085829 -0.090499 0.016992 -0.032822 0.021476 0.019402 -0.084510 -0.087782 -0.038148 0.010912 
